
 Resultado Inversa Suma:

    0.21    0.02    -0.14    0.10    -0.25    -0.01    0.03    -0.08    0.18    -0.09
    -0.07    -0.04    0.14    0.19    0.55    -0.13    -0.04    -0.02    -0.37    -0.10
    -0.02    0.47    0.21    0.10    0.48    -0.42    -0.30    -0.06    -0.41    0.03
    0.39    0.17    0.04    -0.40    -0.54    0.21    -0.03    -0.09    0.09    0.05
    0.05    0.26    0.07    -0.34    0.18    0.22    -0.26    -0.05    -0.04    -0.12
    -0.00    -0.08    0.20    0.17    -0.02    -0.18    0.15    -0.16    0.02    -0.05
    -1.05    -0.78    -0.38    0.30    0.35    0.07    0.46    1.16    0.44    -0.45
    -0.59    -0.31    -0.19    0.30    0.07    0.07    0.28    0.41    0.20    -0.15
    0.68    0.11    0.13    -0.12    -0.62    0.23    -0.30    -0.69    0.04    0.51
    0.37    0.15    -0.06    -0.22    -0.20    -0.01    0.04    -0.36    -0.08    0.37

 Resultado Inversa Multiplicacion:

    0.04    0.02    0.02    -0.03    -0.03    0.01    -0.03    -0.03    -0.01    0.03
    -0.02    -0.02    -0.01    0.03    0.04    -0.01    0.02    0.02    -0.01    -0.03
    -0.04    -0.01    -0.01    0.05    0.05    -0.03    0.02    0.04    -0.01    -0.04
    0.06    0.04    0.03    -0.07    -0.05    0.03    -0.04    -0.05    -0.01    0.05
    0.02    0.02    0.01    -0.03    -0.00    0.02    -0.02    -0.02    -0.00    0.01
    -0.02    -0.01    0.00    0.02    0.01    -0.01    0.02    0.01    0.01    -0.02
    -0.10    -0.07    -0.08    0.09    0.04    -0.04    0.09    0.11    0.05    -0.10
    -0.04    -0.03    -0.03    0.04    0.01    -0.01    0.04    0.04    0.02    -0.04
    0.09    0.05    0.07    -0.09    -0.07    0.05    -0.09    -0.10    -0.03    0.13
    0.02    0.01    0.01    -0.02    -0.01    0.01    -0.01    -0.02    -0.01    0.03

 Resultado Suma:


6.00 5.50 3.20 4.50 5.00 3.00 4.50 1.50 3.20 4.00 
5.50 3.50 4.20 4.38 5.50 3.50 2.50 5.38 2.20 4.00 
1.50 3.50 3.20 4.50 4.50 4.50 3.50 2.50 3.20 2.00 
4.50 4.50 3.20 3.50 3.50 1.50 2.50 4.50 3.20 2.00 
4.50 3.50 2.20 1.38 6.00 3.50 3.50 1.38 2.20 4.00 
3.50 5.50 2.20 4.50 5.50 1.75 2.50 5.50 3.20 3.00 
5.00 5.00 3.00 4.75 6.00 6.00 3.25 4.75 2.00 6.00 
3.75 4.50 4.20 5.50 3.75 1.75 4.50 2.50 3.20 3.00 
5.00 1.50 3.20 1.50 7.00 5.00 4.50 1.50 3.20 4.00 
2.00 2.50 3.20 2.50 4.00 2.00 3.50 2.50 3.20 4.00 

6.00 5.50 3.20 4.50 5.00 3.00 4.50 1.50 3.20 4.00 
5.50 3.50 4.20 4.38 5.50 3.50 2.50 5.38 2.20 4.00 
1.50 3.50 3.20 4.50 4.50 4.50 3.50 2.50 3.20 2.00 
4.50 4.50 3.20 3.50 3.50 1.50 2.50 4.50 3.20 2.00 
4.50 3.50 2.20 1.38 6.00 3.50 3.50 1.38 2.20 4.00 
3.50 5.50 2.20 4.50 5.50 1.75 2.50 5.50 3.20 3.00 
5.00 5.00 3.00 4.75 6.00 6.00 3.25 4.75 2.00 6.00 
3.75 4.50 4.20 5.50 3.75 1.75 4.50 2.50 3.20 3.00 
5.00 1.50 3.20 1.50 7.00 5.00 4.50 1.50 3.20 4.00 
2.00 2.50 3.20 2.50 4.00 2.00 3.50 2.50 3.20 4.00 

6.00 5.50 3.20 4.50 5.00 3.00 4.50 1.50 3.20 4.00 
5.50 3.50 4.20 4.38 5.50 3.50 2.50 5.38 2.20 4.00 
1.50 3.50 3.20 4.50 4.50 4.50 3.50 2.50 3.20 2.00 
4.50 4.50 3.20 3.50 3.50 1.50 2.50 4.50 3.20 2.00 
4.50 3.50 2.20 1.38 6.00 3.50 3.50 1.38 2.20 4.00 
3.50 5.50 2.20 4.50 5.50 1.75 2.50 5.50 3.20 3.00 
5.00 5.00 3.00 4.75 6.00 6.00 3.25 4.75 2.00 6.00 
3.75 4.50 4.20 5.50 3.75 1.75 4.50 2.50 3.20 3.00 
5.00 1.50 3.20 1.50 7.00 5.00 4.50 1.50 3.20 4.00 
2.00 2.50 3.20 2.50 4.00 2.00 3.50 2.50 3.20 4.00 

6.00 5.50 3.20 4.50 5.00 3.00 4.50 1.50 3.20 4.00 
5.50 3.50 4.20 4.38 5.50 3.50 2.50 5.38 2.20 4.00 
1.50 3.50 3.20 4.50 4.50 4.50 3.50 2.50 3.20 2.00 
4.50 4.50 3.20 3.50 3.50 1.50 2.50 4.50 3.20 2.00 
4.50 3.50 2.20 1.38 6.00 3.50 3.50 1.38 2.20 4.00 
3.50 5.50 2.20 4.50 5.50 1.75 2.50 5.50 3.20 3.00 
5.00 5.00 3.00 4.75 6.00 6.00 3.25 4.75 2.00 6.00 
3.75 4.50 4.20 5.50 3.75 1.75 4.50 2.50 3.20 3.00 
5.00 1.50 3.20 1.50 7.00 5.00 4.50 1.50 3.20 4.00 
2.00 2.50 3.20 2.50 4.00 2.00 3.50 2.50 3.20 4.00 

6.00 5.50 3.20 4.50 5.00 3.00 4.50 1.50 3.20 4.00 
5.50 3.50 4.20 4.38 5.50 3.50 2.50 5.38 2.20 4.00 
1.50 3.50 3.20 4.50 4.50 4.50 3.50 2.50 3.20 2.00 
4.50 4.50 3.20 3.50 3.50 1.50 2.50 4.50 3.20 2.00 
4.50 3.50 2.20 1.38 6.00 3.50 3.50 1.38 2.20 4.00 
3.50 5.50 2.20 4.50 5.50 1.75 2.50 5.50 3.20 3.00 
5.00 5.00 3.00 4.75 6.00 6.00 3.25 4.75 2.00 6.00 
3.75 4.50 4.20 5.50 3.75 1.75 4.50 2.50 3.20 3.00 
5.00 1.50 3.20 1.50 7.00 5.00 4.50 1.50 3.20 4.00 
2.00 2.50 3.20 2.50 4.00 2.00 3.50 2.50 3.20 4.00 

6.00 5.50 3.20 4.50 5.00 3.00 4.50 1.50 3.20 4.00 
5.50 3.50 4.20 4.38 5.50 3.50 2.50 5.38 2.20 4.00 
1.50 3.50 3.20 4.50 4.50 4.50 3.50 2.50 3.20 2.00 
4.50 4.50 3.20 3.50 3.50 1.50 2.50 4.50 3.20 2.00 
4.50 3.50 2.20 1.38 6.00 3.50 3.50 1.38 2.20 4.00 
3.50 5.50 2.20 4.50 5.50 1.75 2.50 5.50 3.20 3.00 
5.00 5.00 3.00 4.75 6.00 6.00 3.25 4.75 2.00 6.00 
3.75 4.50 4.20 5.50 3.75 1.75 4.50 2.50 3.20 3.00 
5.00 1.50 3.20 1.50 7.00 5.00 4.50 1.50 3.20 4.00 
2.00 2.50 3.20 2.50 4.00 2.00 3.50 2.50 3.20 4.00 

6.00 5.50 3.20 4.50 5.00 3.00 4.50 1.50 3.20 4.00 
5.50 3.50 4.20 4.38 5.50 3.50 2.50 5.38 2.20 4.00 
1.50 3.50 3.20 4.50 4.50 4.50 3.50 2.50 3.20 2.00 
4.50 4.50 3.20 3.50 3.50 1.50 2.50 4.50 3.20 2.00 
4.50 3.50 2.20 1.38 6.00 3.50 3.50 1.38 2.20 4.00 
3.50 5.50 2.20 4.50 5.50 1.75 2.50 5.50 3.20 3.00 
5.00 5.00 3.00 4.75 6.00 6.00 3.25 4.75 2.00 6.00 
3.75 4.50 4.20 5.50 3.75 1.75 4.50 2.50 3.20 3.00 
5.00 1.50 3.20 1.50 7.00 5.00 4.50 1.50 3.20 4.00 
2.00 2.50 3.20 2.50 4.00 2.00 3.50 2.50 3.20 4.00 

6.00 5.50 3.20 4.50 5.00 3.00 4.50 1.50 3.20 4.00 
5.50 3.50 4.20 4.38 5.50 3.50 2.50 5.38 2.20 4.00 
1.50 3.50 3.20 4.50 4.50 4.50 3.50 2.50 3.20 2.00 
4.50 4.50 3.20 3.50 3.50 1.50 2.50 4.50 3.20 2.00 
4.50 3.50 2.20 1.38 6.00 3.50 3.50 1.38 2.20 4.00 
3.50 5.50 2.20 4.50 5.50 1.75 2.50 5.50 3.20 3.00 
5.00 5.00 3.00 4.75 6.00 6.00 3.25 4.75 2.00 6.00 
3.75 4.50 4.20 5.50 3.75 1.75 4.50 2.50 3.20 3.00 
5.00 1.50 3.20 1.50 7.00 5.00 4.50 1.50 3.20 4.00 
2.00 2.50 3.20 2.50 4.00 2.00 3.50 2.50 3.20 4.00 

6.00 5.50 3.20 4.50 5.00 3.00 4.50 1.50 3.20 4.00 
5.50 3.50 4.20 4.38 5.50 3.50 2.50 5.38 2.20 4.00 
1.50 3.50 3.20 4.50 4.50 4.50 3.50 2.50 3.20 2.00 
4.50 4.50 3.20 3.50 3.50 1.50 2.50 4.50 3.20 2.00 
4.50 3.50 2.20 1.38 6.00 3.50 3.50 1.38 2.20 4.00 
3.50 5.50 2.20 4.50 5.50 1.75 2.50 5.50 3.20 3.00 
5.00 5.00 3.00 4.75 6.00 6.00 3.25 4.75 2.00 6.00 
3.75 4.50 4.20 5.50 3.75 1.75 4.50 2.50 3.20 3.00 
5.00 1.50 3.20 1.50 7.00 5.00 4.50 1.50 3.20 4.00 
2.00 2.50 3.20 2.50 4.00 2.00 3.50 2.50 3.20 4.00 

6.00 5.50 3.20 4.50 5.00 3.00 4.50 1.50 3.20 4.00 
5.50 3.50 4.20 4.38 5.50 3.50 2.50 5.38 2.20 4.00 
1.50 3.50 3.20 4.50 4.50 4.50 3.50 2.50 3.20 2.00 
4.50 4.50 3.20 3.50 3.50 1.50 2.50 4.50 3.20 2.00 
4.50 3.50 2.20 1.38 6.00 3.50 3.50 1.38 2.20 4.00 
3.50 5.50 2.20 4.50 5.50 1.75 2.50 5.50 3.20 3.00 
5.00 5.00 3.00 4.75 6.00 6.00 3.25 4.75 2.00 6.00 
3.75 4.50 4.20 5.50 3.75 1.75 4.50 2.50 3.20 3.00 
5.00 1.50 3.20 1.50 7.00 5.00 4.50 1.50 3.20 4.00 
2.00 2.50 3.20 2.50 4.00 2.00 3.50 2.50 3.20 4.00 

 Resultado Multiplicacion:


90.00 90.00 30.00 60.00 30.00 40.00 60.00 10.00 30.00 60.00 
60.00 40.00 60.00 60.00 60.00 30.00 20.00 90.00 20.00 60.00 
10.00 40.00 30.00 60.00 30.00 90.00 30.00 20.00 30.00 20.00 
60.00 60.00 30.00 30.00 20.00 20.00 20.00 60.00 30.00 20.00 
30.00 40.00 20.00 10.00 60.00 40.00 30.00 10.00 20.00 60.00 
30.00 90.00 20.00 60.00 60.00 20.00 20.00 90.00 30.00 30.00 
30.00 60.00 20.00 60.00 30.00 60.00 20.00 60.00 10.00 90.00 
30.00 60.00 60.00 90.00 20.00 20.00 60.00 20.00 40.00 30.00 
60.00 10.00 30.00 10.00 90.00 90.00 60.00 10.00 40.00 60.00 
10.00 20.00 30.00 20.00 20.00 20.00 30.00 20.00 30.00 60.00 

90.00 90.00 30.00 60.00 30.00 40.00 60.00 10.00 30.00 60.00 
60.00 40.00 60.00 60.00 60.00 30.00 20.00 90.00 20.00 60.00 
10.00 40.00 30.00 60.00 30.00 90.00 30.00 20.00 30.00 20.00 
60.00 60.00 30.00 30.00 20.00 20.00 20.00 60.00 30.00 20.00 
30.00 40.00 20.00 10.00 60.00 40.00 30.00 10.00 20.00 60.00 
30.00 90.00 20.00 60.00 60.00 20.00 20.00 90.00 30.00 30.00 
30.00 60.00 20.00 60.00 30.00 60.00 20.00 60.00 10.00 90.00 
30.00 60.00 60.00 90.00 20.00 20.00 60.00 20.00 40.00 30.00 
60.00 10.00 30.00 10.00 90.00 90.00 60.00 10.00 40.00 60.00 
10.00 20.00 30.00 20.00 20.00 20.00 30.00 20.00 30.00 60.00 

90.00 90.00 30.00 60.00 30.00 40.00 60.00 10.00 30.00 60.00 
60.00 40.00 60.00 60.00 60.00 30.00 20.00 90.00 20.00 60.00 
10.00 40.00 30.00 60.00 30.00 90.00 30.00 20.00 30.00 20.00 
60.00 60.00 30.00 30.00 20.00 20.00 20.00 60.00 30.00 20.00 
30.00 40.00 20.00 10.00 60.00 40.00 30.00 10.00 20.00 60.00 
30.00 90.00 20.00 60.00 60.00 20.00 20.00 90.00 30.00 30.00 
30.00 60.00 20.00 60.00 30.00 60.00 20.00 60.00 10.00 90.00 
30.00 60.00 60.00 90.00 20.00 20.00 60.00 20.00 40.00 30.00 
60.00 10.00 30.00 10.00 90.00 90.00 60.00 10.00 40.00 60.00 
10.00 20.00 30.00 20.00 20.00 20.00 30.00 20.00 30.00 60.00 

90.00 90.00 30.00 60.00 30.00 40.00 60.00 10.00 30.00 60.00 
60.00 40.00 60.00 60.00 60.00 30.00 20.00 90.00 20.00 60.00 
10.00 40.00 30.00 60.00 30.00 90.00 30.00 20.00 30.00 20.00 
60.00 60.00 30.00 30.00 20.00 20.00 20.00 60.00 30.00 20.00 
30.00 40.00 20.00 10.00 60.00 40.00 30.00 10.00 20.00 60.00 
30.00 90.00 20.00 60.00 60.00 20.00 20.00 90.00 30.00 30.00 
30.00 60.00 20.00 60.00 30.00 60.00 20.00 60.00 10.00 90.00 
30.00 60.00 60.00 90.00 20.00 20.00 60.00 20.00 40.00 30.00 
60.00 10.00 30.00 10.00 90.00 90.00 60.00 10.00 40.00 60.00 
10.00 20.00 30.00 20.00 20.00 20.00 30.00 20.00 30.00 60.00 

90.00 90.00 30.00 60.00 30.00 40.00 60.00 10.00 30.00 60.00 
60.00 40.00 60.00 60.00 60.00 30.00 20.00 90.00 20.00 60.00 
10.00 40.00 30.00 60.00 30.00 90.00 30.00 20.00 30.00 20.00 
60.00 60.00 30.00 30.00 20.00 20.00 20.00 60.00 30.00 20.00 
30.00 40.00 20.00 10.00 60.00 40.00 30.00 10.00 20.00 60.00 
30.00 90.00 20.00 60.00 60.00 20.00 20.00 90.00 30.00 30.00 
30.00 60.00 20.00 60.00 30.00 60.00 20.00 60.00 10.00 90.00 
30.00 60.00 60.00 90.00 20.00 20.00 60.00 20.00 40.00 30.00 
60.00 10.00 30.00 10.00 90.00 90.00 60.00 10.00 40.00 60.00 
10.00 20.00 30.00 20.00 20.00 20.00 30.00 20.00 30.00 60.00 

90.00 90.00 30.00 60.00 30.00 40.00 60.00 10.00 30.00 60.00 
60.00 40.00 60.00 60.00 60.00 30.00 20.00 90.00 20.00 60.00 
10.00 40.00 30.00 60.00 30.00 90.00 30.00 20.00 30.00 20.00 
60.00 60.00 30.00 30.00 20.00 20.00 20.00 60.00 30.00 20.00 
30.00 40.00 20.00 10.00 60.00 40.00 30.00 10.00 20.00 60.00 
30.00 90.00 20.00 60.00 60.00 20.00 20.00 90.00 30.00 30.00 
30.00 60.00 20.00 60.00 30.00 60.00 20.00 60.00 10.00 90.00 
30.00 60.00 60.00 90.00 20.00 20.00 60.00 20.00 40.00 30.00 
60.00 10.00 30.00 10.00 90.00 90.00 60.00 10.00 40.00 60.00 
10.00 20.00 30.00 20.00 20.00 20.00 30.00 20.00 30.00 60.00 

90.00 90.00 30.00 60.00 30.00 40.00 60.00 10.00 30.00 60.00 
60.00 40.00 60.00 60.00 60.00 30.00 20.00 90.00 20.00 60.00 
10.00 40.00 30.00 60.00 30.00 90.00 30.00 20.00 30.00 20.00 
60.00 60.00 30.00 30.00 20.00 20.00 20.00 60.00 30.00 20.00 
30.00 40.00 20.00 10.00 60.00 40.00 30.00 10.00 20.00 60.00 
30.00 90.00 20.00 60.00 60.00 20.00 20.00 90.00 30.00 30.00 
30.00 60.00 20.00 60.00 30.00 60.00 20.00 60.00 10.00 90.00 
30.00 60.00 60.00 90.00 20.00 20.00 60.00 20.00 40.00 30.00 
60.00 10.00 30.00 10.00 90.00 90.00 60.00 10.00 40.00 60.00 
10.00 20.00 30.00 20.00 20.00 20.00 30.00 20.00 30.00 60.00 

90.00 90.00 30.00 60.00 30.00 40.00 60.00 10.00 30.00 60.00 
60.00 40.00 60.00 60.00 60.00 30.00 20.00 90.00 20.00 60.00 
10.00 40.00 30.00 60.00 30.00 90.00 30.00 20.00 30.00 20.00 
60.00 60.00 30.00 30.00 20.00 20.00 20.00 60.00 30.00 20.00 
30.00 40.00 20.00 10.00 60.00 40.00 30.00 10.00 20.00 60.00 
30.00 90.00 20.00 60.00 60.00 20.00 20.00 90.00 30.00 30.00 
30.00 60.00 20.00 60.00 30.00 60.00 20.00 60.00 10.00 90.00 
30.00 60.00 60.00 90.00 20.00 20.00 60.00 20.00 40.00 30.00 
60.00 10.00 30.00 10.00 90.00 90.00 60.00 10.00 40.00 60.00 
10.00 20.00 30.00 20.00 20.00 20.00 30.00 20.00 30.00 60.00 

90.00 90.00 30.00 60.00 30.00 40.00 60.00 10.00 30.00 60.00 
60.00 40.00 60.00 60.00 60.00 30.00 20.00 90.00 20.00 60.00 
10.00 40.00 30.00 60.00 30.00 90.00 30.00 20.00 30.00 20.00 
60.00 60.00 30.00 30.00 20.00 20.00 20.00 60.00 30.00 20.00 
30.00 40.00 20.00 10.00 60.00 40.00 30.00 10.00 20.00 60.00 
30.00 90.00 20.00 60.00 60.00 20.00 20.00 90.00 30.00 30.00 
30.00 60.00 20.00 60.00 30.00 60.00 20.00 60.00 10.00 90.00 
30.00 60.00 60.00 90.00 20.00 20.00 60.00 20.00 40.00 30.00 
60.00 10.00 30.00 10.00 90.00 90.00 60.00 10.00 40.00 60.00 
10.00 20.00 30.00 20.00 20.00 20.00 30.00 20.00 30.00 60.00 

90.00 90.00 30.00 60.00 30.00 40.00 60.00 10.00 30.00 60.00 
60.00 40.00 60.00 60.00 60.00 30.00 20.00 90.00 20.00 60.00 
10.00 40.00 30.00 60.00 30.00 90.00 30.00 20.00 30.00 20.00 
60.00 60.00 30.00 30.00 20.00 20.00 20.00 60.00 30.00 20.00 
30.00 40.00 20.00 10.00 60.00 40.00 30.00 10.00 20.00 60.00 
30.00 90.00 20.00 60.00 60.00 20.00 20.00 90.00 30.00 30.00 
30.00 60.00 20.00 60.00 30.00 60.00 20.00 60.00 10.00 90.00 
30.00 60.00 60.00 90.00 20.00 20.00 60.00 20.00 40.00 30.00 
60.00 10.00 30.00 10.00 90.00 90.00 60.00 10.00 40.00 60.00 
10.00 20.00 30.00 20.00 20.00 20.00 30.00 20.00 30.00 60.00 
